1741095499000|2025-03-04 21:38:19|GET:http://pcmis-case/testCase/seataTest|1|0|0|0|0|0|0|0
1741095499000|2025-03-04 21:38:19|/testUser/seataTest|1|0|0|0|0|0|0|1
1741095499000|2025-03-04 21:38:19|__total_inbound_traffic__|1|0|0|0|0|0|0|0
1741095500000|2025-03-04 21:38:20|GET:http://pcmis-case/testCase/seataTest|0|0|1|0|197|0|0|0
1741095500000|2025-03-04 21:38:20|/testUser/seataTest|0|0|1|0|1020|0|0|1
1741095500000|2025-03-04 21:38:20|__total_inbound_traffic__|0|0|1|0|1020|0|0|0
1741095575000|2025-03-04 21:39:35|GET:http://pcmis-case/testCase/seataTest|1|0|0|0|0|0|0|0
1741095575000|2025-03-04 21:39:35|/testUser/seataTest|1|0|0|0|0|0|0|1
1741095575000|2025-03-04 21:39:35|__total_inbound_traffic__|1|0|0|0|0|0|0|0
1741095579000|2025-03-04 21:39:39|GET:http://pcmis-case/testCase/seataTest|0|0|1|1|4015|0|0|0
1741095579000|2025-03-04 21:39:39|/testUser/seataTest|0|0|1|0|4226|0|0|1
1741095579000|2025-03-04 21:39:39|__total_inbound_traffic__|0|0|1|0|4226|0|0|0
